5000 45.639975692674525 91.40692451036453 152.9079611843072
5000 18.37503777930498 54.3472673184933 77.14844517826333
10000 167.40314427432196 245.21033389768212 303.26339143598466
15000 667.376878284306 736.9299458610658 894.4606597067377
20000 366.3479507272307 1079.5735535854117 1410.440366035343
25000 1394.514306225351 1482.5034394353952 1621.0277077749577
30000 1490.3229873438652 1579.7590133943327 1666.372659348293
35000 1852.297618631851 1931.9828630147524 1995.1045455607705
40000 2175.172717286453 2213.21887376706 2282.8811597776935
45000 2114.0741431687097 2231.564812504063 2390.7397310201213
50000 2383.3490981139125 2566.7260995420834 2698.383858688008
55000 2778.318413468039 2966.4128233322303 3066.3773083020496
60000 2948.239529670399 3142.2919504397787 3337.3711089378594
65000 3141.1396962688805 3380.459986283814 3589.4244615355747
70000 3395.5477329924834 3629.11178323118 3783.4961342061465
75000 3533.893691204415 3773.7074687950626 3987.461285937546
80000 3870.05272683791 4008.876107581136 4113.188414602274
85000 3626.497812649857 3835.468992641609 4036.407982707011
90000 3001.4753347426786 3744.096115801554 3979.1486255109785
95000 2699.490366705621 3733.957576433638 4343.656837475653
100000 3953.4377452320878 4254.931921599857 4392.506116383845
105000 3947.3190516942664 4222.164137647678 4471.0986512349145
110000 4260.781791140045 4471.40335468682 4756.652338453933
115000 4393.194359753 4728.229400792456 4970.539257562593
120000 4727.8890395168555 4827.7455916007075 5008.8774695551465
125000 4486.152404369069 4753.564684592397 5005.19386126185
130000 4926.326419199342 5035.491243622458 5168.735246088606
135000 4722.556166209761 4843.743709218933 5021.035283073779
140000 4553.914088776929 4663.269826216887 4879.612908650733
145000 4716.030662304222 4886.987967874413 5062.341591946727
150000 4943.884465540898 4964.198521185872 5004.595163683482
155000 4962.563954184688 5081.8079390863 5187.808133720494
160000 391.38415794839307 4257.426101577971 5290.558686976059
165000 5009.160603412493 5322.470789798037 5504.863605336396
170000 529.6831450732774 4334.7230807001915 5407.606770982819
175000 5188.424443195477 5277.581025047841 5336.681163021363
180000 5069.752951020645 5228.954909635173 5384.79868336904
185000 5356.48094562054 5436.678211107716 5528.111110651604
190000 5133.036740187234 5272.145598252917 5415.907519613287
195000 5295.7221654683635 5428.436148662115 5637.322191518378
200000 5423.033292624856 5639.288347546165 5828.839072941981
205000 5509.948749256761 5699.72437527547 5838.304282322029
210000 4947.515748928783 5343.496247585923 5738.515305364375
215000 5534.987100282191 5671.21250505044 5786.109676069897
220000 5609.5636280435765 5716.939857111759 5911.290298321645
225000 5975.27226948593 6033.349213528144 6098.765098161615
230000 5675.53375489619 5863.497981759222 6007.903721219188
235000 5938.910577617393 6074.035017533575 6204.340977166702
240000 5767.814175403472 6077.197829991463 6313.097746340468
245000 5951.4784118577 6219.793583544719 6433.165957339229
250000 5931.778306708274 6135.322849627861 6284.955646358841
255000 5795.795581635998 6105.629626094326 6311.880435526683
260000 5800.3084257570545 6192.306175538144 6318.615631030164
265000 5749.008372044298 5886.958228565003 6011.416980445009
270000 5751.024031051843 6070.032186270122 6210.24046935736
275000 5853.081713167433 5950.728310686131 6027.540426765782
280000 5882.500517648404 6134.311270481663 6291.28202238128
285000 6204.060761151918 6282.24968743101 6414.613156666312
290000 5873.986297096893 6000.755685284642 6174.441755848312
295000 5870.672274432017 6055.7056038922565 6148.281656718296
300000 6355.462817222915 6489.616491958195 6598.654622280748
305000 6196.45981409854 6348.41604614636 6412.530692432181
310000 6049.587000018692 6065.217082111885 6094.476497455463
315000 6164.117370078782 6327.056981074324 6487.544236240149
320000 3407.2009048372165 5830.126645327095 6537.517016638812
325000 6014.047045362967 6270.554562510405 6493.205806490963
330000 6242.758081441123 6507.217636430983 6661.453995301243
335000 6199.7697941062115 6672.4428534098815 6848.07873849191
340000 6225.021079000496 6376.24940094504 6545.172199103449
345000 2057.954574522524 5660.669292924091 6616.571680390491
350000 6432.527360957626 6533.334499326212 6676.4066439530825
355000 6503.209467431578 6693.705521037642 6850.639885197405
360000 6385.9707134081655 6564.508925280223 6833.992286673386
365000 6665.3275682586045 6774.588734815367 6886.596876760164
370000 6571.552777484633 6780.3849083193545 6965.5515507195805
375000 3772.9724054584603 6050.4851222535335 6842.755891020013
380000 5827.757570461241 6252.1008899026465 6496.452559034752
385000 5704.736130366184 6700.688796237773 7044.710225829442
390000 1509.6241557286692 5466.768522128686 6642.901007715949
395000 864.8051308468401 5210.808980986197 6449.759507474277
400000 6533.641361090119 6684.072791133498 6802.0008114935135
405000 6773.953117306815 7011.305789866044 7166.818732096321
410000 6277.919425557704 6702.024343711161 6876.78518766584
415000 6701.073112070539 6764.922334101548 6893.7652779626405
420000 6589.2658926950335 7086.495806430879 7371.278382371851
425000 6558.381840603575 6764.810988146704 6985.0583486321775
430000 6820.010686895224 6923.968942312298 6994.517992811953
435000 6746.54009896695 6833.985943368502 6872.036044032398
440000 6913.280511058273 7058.464527307605 7203.120499689227
445000 7074.3991624115415 7256.3106631200335 7465.396677123461
450000 6950.677000639436 7073.44232220331 7152.991488995313
455000 6382.751686816801 6500.6860982386515 6553.320400497051
460000 6956.399612738559 7038.175845689155 7138.322331787551
465000 7073.35689900963 7133.099626126908 7197.11256029615
470000 7053.053858309445 7102.818643996587 7214.731630733308
475000 7047.971291314469 7092.779116030829 7129.892862347026
480000 7227.379733960598 7330.381353015601 7403.338997696167
485000 6969.15211492868 7027.104170083653 7119.260010638534
490000 7255.517995665781 7444.59363678643 7565.922942369974
495000 7851.848029389871 7874.624656127615 7896.390241981843
500000 7711.0537877627885 7795.33429851027 7843.000594330017
505000 7570.126890565089 7690.525856662517 7762.881467510624
510000 7740.981002209886 7813.195700004709 7967.67028433895
515000 7643.8783993269635 7677.561253989635 7709.121060922179
520000 7515.495071315643 7610.350534371399 7677.729701122355
525000 7631.490601451826 7791.062352289831 7886.918231922899
530000 7349.909437065865 7529.790766336312 7688.006501578461
535000 7396.441738499638 7562.659411815597 7679.644214424887
540000 7380.749349382059 7623.610535096692 7758.43488572773
545000 7103.8237187908935 7214.091388993586 7303.223867747907
550000 7605.374661460503 7705.960170450822 7796.051160793399
555000 7558.196774981686 7656.1029396137255 7784.719131055017
560000 7535.4276702786465 7811.888286465818 7937.662435252696
565000 6594.971986229571 6852.266863845728 7002.5309558082945
570000 7436.910591805559 7592.3652733338795 7697.659025289283
575000 2006.1577316565308 6596.805484163968 7796.958358783142
580000 7746.001621155248 7808.845325108508 7848.530668360892
585000 7883.486776675233 7978.289534187516 8066.507373440645
590000 7314.783646524518 7534.915072048258 7832.159564809634
595000 7816.686560332298 8003.628779231815 8185.001492677215
600000 7533.49454207179 7601.517339684874 7647.148148874474
605000 7541.593503825955 7647.680740644685 7746.616826953294
610000 7406.876282197327 7490.814680438884 7603.033495698826
615000 7572.507916641804 7681.5235910865085 7841.443562994459
620000 7572.72751974463 7671.060890622046 7799.362339558523
625000 7366.361652193288 7774.002280314184 7972.9955848848895
630000 7590.645577387052 7690.143570237784 7762.6957371127955
635000 7849.724747162576 7942.452003981931 8010.5007066568105
640000 7796.118953321115 7870.685111248956 7970.740571350652
645000 7642.955866865457 7747.954845851037 7966.548175565345
650000 7583.575215829986 7803.481728592482 7964.694362132586
655000 7625.363576637452 7728.8176244340375 7787.010429339068
660000 7644.535339734818 7750.256772990472 7867.397878317099
665000 7773.694263908595 7807.763768629539 7903.2825078205
670000 7511.976748695687 7601.967430287766 7748.419877709262
675000 7657.427097877555 7746.833876730634 7836.5633086584485
680000 7763.533139220109 7873.930144964473 7948.547507217896
685000 7543.745980526409 7698.517890242991 7869.210017085098
690000 7659.588891944154 7865.293400077471 8018.116742647899
695000 7438.8959389126185 7519.5669085682675 7587.476915740846
700000 7501.3061623743615 7592.958175373655 7641.033887514673
705000 7613.638595006995 7627.195756524445 7641.901088537317
710000 7216.26666499102 7290.129944996268 7409.114483952336
715000 7123.567240326867 7161.2976565434965 7194.677625274567
720000 7387.494157176544 7533.146651805326 7633.678072159269
725000 7448.330888132291 7736.151064068443 7949.070948238357
730000 7623.583319308149 7720.0931806929 7876.815248753074
735000 7564.061790268507 7843.849389446036 7953.618761364779
740000 7906.274822265976 8049.479571172864 8171.310865424308
745000 7694.335018279237 7849.712600037524 7958.247587449988
750000 7798.730178136343 7932.97053856065 8043.766933381324
755000 7694.523118122968 7790.266012372109 7868.848618207579
760000 7777.084918325809 7842.105731066147 7871.0022713882345
765000 7669.774567761171 7728.138442671501 7831.53517409357
770000 7985.071839921613 8056.419783485564 8183.633013711991
775000 8133.127659260903 8180.646094608249 8248.877366151153
780000 7866.7035375860305 8059.701711401179 8224.110945235387
785000 7798.236162223568 7944.6328756590565 8127.265013517541
790000 7951.648155814814 8041.679270799333 8165.4679462062995
795000 7438.076897104447 8063.812182818471 8442.303067592742
800000 7977.5550152714895 8160.069697168107 8372.028157674062
805000 7928.675909596499 8095.530638245448 8245.981937944161
810000 7945.399765226219 8229.38888750826 8458.497544297174
815000 7879.485514340188 7949.166983656754 8035.379571204918
820000 8037.795412953412 8076.064137642294 8200.285229452285
825000 7773.541591456365 7842.365768812548 7908.66633741438
830000 7984.1602076957 8052.9532507988115 8135.0858438014875
835000 2061.126833030274 6798.657883043037 8004.662710327652
840000 8046.8183705446845 8206.210845114214 8335.690740162208
845000 7982.549917764922 8119.468442239554 8224.727571921088
850000 7979.972005608122 8093.131556096744 8314.604642610033
855000 7993.567881128469 8104.634766364286 8183.464544572297
860000 7694.785704854811 7778.643255154954 7862.474413119842
865000 7350.422427763629 7563.921357555785 7711.978713457782
870000 5896.616626553809 7668.405868237426 8159.6823322368255
875000 7817.743669401856 7908.914220007665 8001.1075287806025
880000 7791.692610705 7933.172215336805 8194.400703130968
885000 7588.436720202725 7718.165052218016 7794.265903853902
890000 7646.76649045254 7943.504885817262 8182.326134640174
895000 7788.207489951197 7876.331604549783 7942.572323413893
900000 7550.14997262057 7646.934141856787 7701.923440673767
905000 7825.555627197981 7916.095153472685 7971.141056965954
910000 7881.7454023034925 7937.237932172608 7987.051990635467
915000 7576.447802733599 7728.5240565328395 7899.064678505979
920000 7549.640909144535 7724.919200548664 7849.883705063269
925000 7666.369995419791 7897.9762258375295 8078.064501833934
930000 7778.403484301886 7868.497731850791 8000.154614054738
935000 7772.753404826454 7966.804525490188 8194.100582665102
940000 7185.3158706724835 7624.238401861828 7974.224149016753
945000 7698.602864655884 7837.368714994949 7970.982743435495
950000 7530.023982448988 7828.4103430556615 8105.620407244481
955000 7374.245060046107 7864.120395258115 8086.6844585018225
960000 7571.397195266894 7823.300223089313 8082.409059601591
965000 7617.632361636209 7994.057557979051 8112.571854886013
970000 7829.802605117443 8001.335553641329 8213.603067879005
975000 7764.90003298365 8044.962151975036 8292.666094560202
980000 4928.002383320095 7153.755568922199 8058.509116830213
985000 7676.340986249018 7870.5988283955285 8058.574511187403
990000 6967.730066823248 7466.342298253777 7728.67905641993
995000 6959.698739671879 7334.668747664162 7534.800848875176
1000000 7340.3090767209105 7858.909220183326 8198.68285075687
