5000 -522.1592408602526 67.9201138161554 364.74410509226345
10000 390.10245926078335 539.1902717545393 663.9918167104091
15000 923.1283141390834 1106.2479484432217 1221.169594288814
20000 -25.146719382352554 1022.7617337130844 1725.9073874314915
25000 1685.8497766398084 1814.813106862117 1885.7686916083287
30000 1922.3899471119194 2140.5832077998484 2326.9475431652127
35000 2356.1324107905225 2501.0828750919068 2638.1485599269727
40000 2080.2409657778985 2683.1247409804537 3105.050272707919
45000 2741.4899926085973 2854.4521215860586 2923.6626339330605
50000 637.7324464303396 2645.990048552937 3407.425511562828
55000 2761.0558957100016 3105.530897425956 3411.4187459220434
60000 3554.9032075775144 3648.257965753647 3757.7848520076004
65000 2901.3554548047855 3181.6593571459935 3417.2706584143925
70000 3373.1280238258346 3766.797077269137 4116.2837043060235
75000 3238.1161145663136 4104.120487135983 4532.894633838277
80000 4618.566787166986 4693.374245720037 4783.246892861927
85000 4704.475853205105 4814.486828718763 4905.58839115285
90000 4723.347133301043 4935.832060826574 5052.998601292341
95000 5265.08888616034 5297.040676430422 5346.0659193107995
100000 1939.0160724834489 4597.642529331892 5414.159793445884
105000 4679.210653819205 5023.423952966465 5349.355165425289
110000 5347.821709160292 5517.799532874777 5662.171575221224
115000 5782.645855812229 5858.492747625625 5954.168761350249
120000 5269.286961662839 5544.283185781852 5801.839423326186
125000 5247.033910256398 5508.300583607497 5639.195225375663
130000 5676.567605185982 5868.536288766961 6077.722796956054
135000 6020.77403616664 6071.500892661923 6119.085294200441
140000 5828.36985850694 5963.014905684276 6084.308578825906
145000 6014.131845885233 6276.880487500224 6413.358249672542
150000 6224.964106087929 6346.285578317735 6474.507645331088
155000 6202.333153923452 6357.004331088009 6483.827038123186
160000 6609.850212086648 6847.7124668209235 7110.869328892749
165000 6385.545768944571 6520.600272878314 6617.786412106162
170000 6587.992260266252 6754.403597420666 6903.964734192413
175000 6852.0379411165895 7021.741734260113 7113.460244456847
180000 6837.317261523544 6912.830254711391 7123.620469179168
185000 6729.891273452781 6838.9968452421945 6966.552223444906
190000 6993.561770427743 7064.34367440915 7154.6038908653845
195000 7083.218371002922 7111.143387915152 7132.346595078879
200000 468.75082917525685 5919.685485750504 7440.325307987124
205000 6374.749366436975 7221.547969899426 7632.114807159013
210000 6787.815964910658 6975.001025778077 7144.743146456296
215000 7271.337275176231 7513.4127623037375 7676.920851419164
220000 7148.070735191387 7298.135804682417 7452.64449290122
225000 7258.796591306757 7346.065997232911 7434.9805803878735
230000 5796.057808169481 7010.652461351279 7368.551606198682
235000 7424.284226262315 7667.709316048577 7956.341293325755
240000 7332.0728403790645 7439.298030841911 7546.83466276308
245000 7273.4227124476865 7466.044243871562 7618.72807990501
250000 7395.039208727432 7521.170604264282 7754.93929094449
255000 6678.675613683419 6779.023012091706 6905.226424199511
260000 7405.870724483374 7719.5999238890245 8016.502599182985
265000 7341.924702010382 7488.067898121291 7725.622515135322
270000 7592.4448729918595 7786.82418310612 7980.309018414808
275000 7270.9426941390575 7446.19514389089 7714.907064805745
280000 7306.9510291036195 7558.1100508922145 7827.121026889532
285000 7622.495823938862 7914.4777503614805 8043.629240507982
290000 7528.256229224708 7796.353336061584 7996.3557280520545
295000 7615.17077212373 7855.698449327811 8144.010998627193
300000 8028.140595147448 8182.383211658647 8304.170322537368
305000 8101.361550906424 8189.748452116942 8262.825347761413
310000 7583.217840461104 7819.25812697732 7984.308659346328
315000 7939.772709318859 8281.4510082636 8504.176699170994
320000 7671.72685603388 7973.646041815909 8151.430230313715
325000 8085.521778836865 8205.290088537493 8304.360912428705
330000 7871.559313552384 8055.202641086851 8187.2636136873425
335000 7719.139602824579 8059.672259793212 8337.563182568307
340000 7823.439010003967 8009.280318470686 8248.177148080471
345000 8188.937942193229 8314.182406577154 8411.951191668908
350000 7872.887753611474 8091.84015712964 8446.98219266999
355000 7734.346288189209 8019.737112024768 8219.759734130797
360000 8117.748062966364 8224.50825053973 8409.036587951756
365000 7514.005871672785 7929.71722887224 8258.777257112324
370000 7600.087082887626 7936.970586118102 8154.352130045986
375000 8093.643876154847 8259.30792611771 8367.987520217392
380000 7830.885038464732 7995.008778233413 8213.7616522039
385000 7674.98199875566 7912.287322658774 8306.663927395048
390000 7688.311738968388 7914.385986476051 8187.769945876628
395000 7765.338792164115 8106.790050956872 8439.79034794436
400000 7974.785045613732 8217.741797305975 8393.619006857842
405000 8257.478321170041 8540.363540367 8702.99633484737
410000 8089.094510322514 8178.935015128156 8376.7149894345
415000 7883.375635198873 8101.318007246118 8250.496425553176
420000 2776.9552789554987 7134.058220454793 8584.261002613559
425000 7563.154770252554 8068.285019323955 8435.776204322545
430000 7620.334324840101 8166.800724828843 8529.585906156299
435000 6444.491199739512 7874.602296756493 8432.401571642471
440000 7990.745948612402 8204.95503697339 8372.858683684432
445000 7947.814034133742 8327.721939997708 8672.231068374227
450000 8352.78738202211 8476.339046534027 8583.289650280265
455000 7927.304669087578 8340.680413364862 8678.417955845665
460000 7679.016662511445 8097.806752015439 8412.1176909173
465000 7962.776403922643 8161.4935263065245 8349.001194007042
470000 8557.67057599179 8608.228090087361 8655.588707493725
475000 8026.47686052279 8133.222333328864 8239.39940625038
480000 7770.5836602312165 8070.833661734922 8313.81263129022
485000 7965.421023921967 8212.614405457973 8430.63207689483
490000 7952.486148685542 8236.099969060848 8418.099484583974
495000 7648.021176713453 8211.11516155218 8472.579785409687
500000 7631.673259589243 8106.829705915688 8388.867644016125
505000 7247.199196243413 8141.216994067285 8638.759279135347
510000 8188.576628369203 8268.544883754159 8374.541807286472
515000 8225.622495249483 8404.956277410603 8523.643124481527
520000 8063.374720317883 8261.327422188298 8407.222704904205
525000 7715.061262007825 7795.419104063639 7870.3614290428595
530000 7895.921695620049 8096.646471833172 8254.028680127332
535000 6101.603452535262 7487.551313385408 7909.396912743717
540000 7838.973026543666 8036.42294089988 8236.540346308568
545000 8032.087558965764 8141.076082485248 8269.590589887046
550000 7990.182159139589 8113.204761384668 8285.936078843932
555000 7805.6339091569125 8513.405615592568 8759.66586249925
560000 8015.611279118093 8324.23296025523 8516.240012159062
565000 8092.791829713529 8209.976444242795 8304.902687305726
570000 8340.54472771764 8508.522418957707 8810.686627165323
575000 8353.485529742387 8379.587141899994 8427.043139541767
580000 8230.070280171483 8498.43788362401 8777.67286191597
585000 6840.199754636697 8064.468639911285 8455.328285759242
590000 8427.915483550849 8565.786908109218 8675.253692652697
595000 8602.499112171306 8671.22155769963 8846.120356753981
600000 8202.327053394583 8345.605743581396 8476.952611007879
605000 1125.5772108608119 6943.962889690859 8599.284408926573
610000 8439.008866145776 8620.936202353503 8822.994544481888
615000 6015.535598657453 7888.864080889352 8635.406651823061
620000 8069.420273978084 8183.720955039933 8376.8877252236
625000 7971.379739881441 8165.356706360084 8328.92318396745
630000 8340.710049064903 8514.164010507318 8614.510343915343
635000 8277.596704795518 8333.16843089309 8395.245143865262
640000 8161.79012878796 8326.682600420898 8641.822329194847
645000 8257.664636045456 8462.500659240508 8567.376320976316
650000 8029.7965811970025 8280.873442658321 8415.875320854588
655000 8334.521492030004 8493.383182032598 8576.154871354165
660000 8159.44233108241 8376.675826050581 8622.313897335764
665000 8041.891974181207 8163.321864973547 8251.678292038398
670000 7518.056406640779 7983.179155602686 8186.771000582592
675000 8347.34616865414 8511.89121585916 8688.495683848134
680000 7831.743896604673 8372.571439837566 8593.410532961685
685000 8252.719896462444 8465.863801782529 8671.31652304397
690000 7361.340072229378 8332.229466512767 8744.574470333326
695000 7927.620332688135 8070.245303840539 8269.288361951243
700000 8230.564579522184 8319.32538699349 8472.17550022808
705000 8088.19290633659 8195.467263797522 8292.529618717579
710000 8307.676503564622 8567.641133041765 8768.626967023298
715000 8136.600281456212 8281.270640804589 8465.93299848138
720000 8369.965803233676 8461.403111743384 8557.902605543604
725000 8322.451035317097 8591.999578012092 8712.170871537419
730000 8209.501534613624 8359.629588455298 8506.527097466915
735000 8414.756260063676 8599.382701584178 8808.578918063482
740000 8168.304237122884 8377.082823123157 8677.682886507278
745000 8324.091001883058 8429.179355550034 8527.841129144917
750000 8054.3885882103095 8244.687179216107 8338.471013431834
755000 8454.836882927128 8535.920710347546 8742.864633323468
760000 8493.453499486806 8628.82717986442 8780.717603352477
765000 8286.395895318326 8508.68462790051 8690.046156884988
770000 7700.9040048779025 8040.897290607262 8327.323954823098
775000 8395.75118931968 8498.684961261013 8603.58044559346
780000 8093.757526509215 8263.133342415738 8540.682728588667
785000 8157.814065064099 8350.658300152616 8489.506201069937
790000 7602.377349883458 8216.900786328533 8476.269904461129
795000 8536.97100396898 8654.730969265029 8903.506528878706
800000 7129.313343735356 8276.916486552538 8686.800530134442
805000 8092.543635827874 8388.775054734517 8668.326003508884
810000 6087.168624690246 8065.533119502409 8817.431309381276
815000 7928.039235396067 8229.420331150663 8373.321390742523
820000 8363.994264150328 8572.556690656385 8717.933187827211
825000 8259.848232994344 8507.70875406091 8615.210875358256
830000 8423.472679179293 8631.44470928164 8736.427717405077
835000 8183.120590821292 8494.842283135933 8650.40603099156
840000 8151.861855004311 8226.598345132146 8257.981499283333
845000 8385.844845539685 8639.895181174832 9037.321892513948
850000 1818.1644065811436 6540.042889330601 8822.035806824739
855000 8194.491201979747 8397.292946164593 8601.345020208315
860000 7968.94225758198 8470.327175517043 8753.252755721429
865000 8226.052877447573 8492.558376338346 8864.591175107356
870000 8152.890058756732 8406.229377427628 8596.16949402684
875000 8214.071287117153 8469.473571962542 8773.253703705555
880000 8309.208999762208 8543.776071089178 8825.179609214352
885000 8114.271850917996 8335.208363494008 8535.116288159863
890000 8281.745066561016 8458.69468638901 8677.137723493452
895000 8073.894205214196 8440.135584525025 8711.083588102432
900000 7964.470090528546 8280.245572616948 8611.097562901006
905000 8267.153010065063 8427.562113697253 8601.691982381431
910000 8105.5893295204005 8318.624643987356 8539.969994240864
915000 2204.206416718626 7165.244197142684 8477.868564363638
920000 7591.1598311154785 8315.377974069184 8625.153300616388
925000 8254.572001181048 8329.823430297745 8407.403662901776
930000 7991.39989316868 8274.51704445446 8652.590888308641
935000 8333.809399985354 8485.74825358874 8654.631603844093
940000 8066.911620703782 8379.569055303258 8577.69796081722
945000 7699.3238894147 7982.845285273228 8192.423091810084
950000 8200.942677545732 8302.954604411943 8497.03277807495
955000 7980.3842165978185 8141.595083436461 8226.980852407067
960000 7789.807641459391 8208.674633490537 8396.743865487399
965000 8125.608476177079 8271.04649746812 8502.53558585469
970000 4380.072403927148 7429.395657068404 8363.78468245336
975000 8206.542456504345 8324.09434873499 8392.303413816859
980000 8233.510726130433 8380.780936716841 8545.708148171809
985000 7882.929209370111 8033.080005101439 8144.301772893996
990000 8323.261207333913 8546.822118338288 8657.624632962932
995000 8401.767768443673 8536.899406292376 8606.412941388291
1000000 8299.540152272346 8499.432949295162 8729.781787904083
