5000 20.81185768275391 110.59092568716703 223.1026314463824
10000 150.58420725830808 340.6642217661167 421.55731146074413
15000 423.1962345202261 552.4464153679021 733.8270328581192
20000 1230.6627945789237 1288.355557248618 1316.4186842224588
25000 1820.9477518145068 1969.1306949223085 2121.251272070065
30000 1984.1177366301965 2074.8073916965104 2177.1414612007907
35000 2484.3331470492303 2590.5793844758005 2694.6199409910664
40000 2568.121799878894 2674.1621157967375 2824.564342803826
45000 2718.6377130569845 2810.32940566085 2867.978591853728
50000 2868.8237960853758 2943.1017355495833 3019.5600316101904
55000 3002.4005185048695 3039.164620900626 3084.963908275574
60000 3076.7697103817495 3180.4517602330807 3306.228330160045
65000 3127.526548287421 3276.803457131259 3398.0968240288407
70000 3355.3755317909563 3396.981210919586 3455.4450577263688
75000 3326.1580685675235 3398.632372090987 3475.133367981515
80000 3387.0091011882782 3584.8800139458244 3783.7677932106535
85000 3620.30634012264 3720.2042552652456 3852.1978614375944
90000 3741.8667222500053 3815.664145085843 3898.186040309255
95000 3811.5819901242403 3935.2786144590923 4092.3886685656284
100000 3840.149893176002 4076.521762926053 4286.836395427223
105000 1887.6793146667912 3754.291027977802 4300.956101663677
110000 4254.926033398255 4312.181028130676 4407.947662960648
115000 4172.349078329994 4292.009663740123 4471.046587575287
120000 4476.055062273679 4608.154031267798 4725.5910331572295
125000 4720.339590793685 4803.659204147517 4910.263065901417
130000 4652.7247872883245 4773.494508916651 4891.429360251379
135000 5022.442721406643 5161.098130044076 5295.895209626382
140000 4836.644278044764 5177.535078833308 5472.931838084672
145000 5400.0734027350745 5513.453125390968 5659.480680194922
150000 5407.346142049335 5504.841677170347 5624.757914581347
155000 5440.7890434491765 5657.082673298096 5866.949951613957
160000 5697.404384375365 5871.508528244141 6111.653523906604
165000 5677.213416043503 5771.790837985904 5879.211024290814
170000 6288.873736298602 6471.852752794881 6677.91589213459
175000 6317.277275771434 6510.8904352531845 6666.628600159752
180000 6178.67191206522 6359.968505759467 6435.571768799224
185000 6482.023331328171 6576.745978440153 6673.924226786319
190000 6286.390941878046 6373.046477658927 6473.927653514066
195000 6572.581889292447 6786.52768091278 6923.544212718984
200000 6193.749937757545 6531.999762043952 6744.120423400408
205000 6360.103806143163 6414.64653113977 6484.802502061292
210000 6220.364250520877 6329.442475574752 6420.6870539140355
215000 6325.922814893754 6380.228571710468 6464.889449288931
220000 6834.7841449769785 6942.059619259982 7063.208814292897
225000 6473.473499396699 6533.427754117696 6619.011298231296
230000 6660.349418786363 6797.104275427069 6868.823603566505
235000 6440.229785268559 6548.632566202645 6630.466154694061
240000 6600.925242937468 6766.709871123683 6848.757295914369
245000 6370.236022034301 6806.877667776564 7007.194633257087
250000 6793.966490442971 6853.437526178709 6925.145446153692
255000 3733.7224829384086 6248.178855474481 6958.798433094266
260000 6466.548559797034 6539.565205180244 6608.200391094534
265000 7000.25247809322 7078.284740723087 7171.42768303566
270000 7018.539802584675 7083.71782450474 7165.913481108363
275000 6551.899475195466 6638.053798508461 6690.158634359535
280000 6847.144929845097 7036.3421586028635 7177.198831436914
285000 6580.904335075758 6756.352784275958 6826.270301352205
290000 7142.157456357581 7310.694881272689 7414.82960205955
295000 6889.204561856725 6990.455075980809 7106.738251788668
300000 7182.212698842327 7321.52928513701 7432.9643387055785
305000 7103.427712660933 7187.303489107107 7272.914933784589
310000 6884.3109815933385 6937.786335756503 7088.135535328575
315000 6762.295521868489 6918.7502468759585 7041.35897495226
320000 6817.199543599195 7101.405182372388 7364.873182447577
325000 1240.9750179196028 4359.637475222949 6445.539389037707
330000 7003.753956826138 7181.483218492509 7334.9032534349735
335000 6839.7307606114155 6953.147428464811 7032.686681004667
340000 6801.617300571326 6956.178561063806 7054.727161912404
345000 7074.2846986930745 7186.183672106784 7268.304795934379
350000 7223.398691660612 7244.115149731658 7276.573995144975
355000 4007.1724769259044 6466.411493450665 7118.789909162007
360000 7140.280222966411 7244.219754839056 7419.954083177553
365000 3550.5560900886358 6539.221326475228 7560.320080772489
370000 6603.882484658912 6772.987095346206 6980.360186192684
375000 6935.50350428793 7071.069612374884 7128.683621283895
380000 6882.265788045741 6945.675428508494 6988.482064984807
385000 7203.9841038589675 7264.610156206218 7319.310031941513
390000 7028.830824554429 7101.886436006782 7181.124877212004
395000 7368.947874281844 7468.8377562228 7546.2722562664485
400000 7129.706463172388 7267.173219031359 7389.382705684516
405000 6352.335723911713 7253.970680159337 7646.986461859357
410000 7487.9482833032935 7538.9296875944465 7610.925477730968
415000 7295.035665455874 7481.314325719162 7744.377969515029
420000 2376.456638800633 6475.736341382197 7802.191006458706
425000 6171.5507992797 6699.736361112361 6888.213066626088
430000 7085.2796602854 7206.5253188014 7278.94605176684
435000 7157.870800949344 7283.38335029458 7367.1205251644205
440000 7179.712367339898 7251.298230942077 7351.205228893903
445000 7236.9741080225 7440.449253060554 7625.181569533726
450000 7243.212243704278 7418.629746960372 7541.209658428175
455000 7017.648882091582 7380.924624596222 7562.54271032816
460000 7511.839474673338 7647.693636056999 7783.233964245463
465000 7717.497557875575 7887.826486802893 8041.801566251242
470000 7934.154497691086 7962.868402873118 8017.318063265319
475000 7498.619456491367 7636.668099339606 7887.8204502402705
480000 7586.288738750542 7680.609866922592 7751.486289911127
485000 7747.597367495621 7848.292467138985 7995.604589361285
490000 7045.590828946408 7245.850830294323 7325.44452701441
495000 725.9943647800897 6213.4527822789405 7724.847694507605
500000 1662.5038585335328 6330.029780776276 7729.9052909731745
505000 7675.870323772913 7742.86231734132 7827.825946433007
510000 2251.8345660908326 6670.504978292047 7881.326174409629
515000 7757.811192309112 7990.513270344428 8069.945084870065
520000 7165.2725936332945 7522.491279324134 7668.498291837304
525000 7651.146587180718 7788.030371792482 7935.846007109722
530000 7698.061784630287 7809.824040017702 7881.081641027584
535000 7420.851776651331 7756.656824685207 7927.989818034867
540000 4600.127349948337 7137.047305440325 7901.408263231107
545000 7736.003371183961 7921.993675082852 8125.399814058558
550000 6908.785405134526 7036.671944309734 7107.945485280932
555000 7526.0348047908 7659.993617149026 7754.007938910541
560000 7537.699240550553 7685.3042900655655 7792.373873638135
565000 7610.028509647266 7810.461295187584 7961.143868540471
570000 7477.248909853526 7820.4903369340955 8015.045310454323
575000 1026.019278488168 6362.387456199894 7815.747461614588
580000 7515.748078855037 7625.800796165483 7688.967343088879
585000 7373.533400927777 7658.713759169458 7901.296534127642
590000 7665.32460193799 7787.854436666625 7934.9242425823795
595000 7506.232086466101 7551.806978648286 7641.188502984023
600000 7317.136456941848 7543.433834608726 7695.181433626431
605000 7463.712675794977 7662.7985913277025 7768.033732372128
610000 7479.302534528353 7639.524759851849 7949.802874775777
615000 7607.035759714451 7736.970981535362 7879.923561362596
620000 7651.027748594743 7831.5739868377805 8076.706792751161
625000 7281.794112752345 7398.070860678372 7526.352021644161
630000 544.0448718603973 6397.33697721184 7978.087907019422
635000 7569.794167381264 7707.11792203894 7873.061040770943
640000 7634.08551831215 7709.121682172689 7816.951498286964
645000 7330.433872838445 7521.356515224195 7713.42123337275
650000 7667.876260946835 7740.185209951218 7838.031854017141
655000 7454.612658934689 7652.887719897463 7877.291101994125
660000 6949.567228655888 7473.108360283899 7785.802377059887
665000 7019.510776404772 7565.642387224796 7836.453767073195
670000 7489.454738966382 7594.108833281088 7748.636374575457
675000 7590.640229916019 7829.89988525369 8025.781674436503
680000 7712.215698081892 7915.915721504987 8039.97275372279
685000 7729.400345420249 7909.65771788317 8161.790194357986
690000 8147.244892258721 8283.499539012371 8521.81825625229
695000 3765.668194508848 7087.281515546293 7995.397799725467
700000 6243.26653098936 7420.693019585538 8197.58364298937
705000 7550.8749963209775 7789.277599281579 7921.5996674312155
710000 7344.9214045681765 7456.865704452997 7532.897364987222
715000 7502.40753636062 7702.029035389483 7818.249888262972
720000 7626.922774928396 7730.502505706152 7808.031860029063
725000 7090.729709435671 7336.109322987641 7602.417374328181
730000 7769.314291436974 7933.637541483426 8138.308208165439
735000 7773.696570476022 7996.859285791832 8295.26006807173
740000 8109.500188180306 8217.041115200404 8293.690764067485
745000 6022.990895913841 7460.47525771278 7883.845018901094
750000 7674.199210878851 7800.495364587012 7903.69272395929
755000 7607.239313989319 7727.12188529979 7844.624206693668
760000 7460.206200610906 7892.431498789898 8144.3153213442265
765000 7864.3556308185725 7941.201686328468 8097.805546201053
770000 7343.579635951282 7550.696352828809 7720.5462950067595
775000 7899.532574208922 8083.8549118355995 8212.345197784485
780000 7735.390335972551 7924.866623272392 8072.783708836829
785000 7725.255666548363 7878.158742193422 7960.520995647059
790000 7657.305142807578 7764.1983835038745 7866.0595909775675
795000 1407.2366786700381 6578.954590129748 8004.843634777536
800000 5884.748664417066 7602.32335512351 8101.486179490597
805000 7882.79471537552 8024.4458808019235 8216.03637015747
810000 7621.096618804667 8037.04585069618 8252.592386788247
815000 7591.968252106983 7845.297225564917 8104.244836952508
820000 7644.586083790293 7873.567657298079 8123.22186877482
825000 7829.440790627128 8031.22868036471 8249.873097238149
830000 7791.759463679052 7963.938838413596 8115.037252071675
835000 7957.204148714779 8125.554991338331 8305.63991150417
840000 7636.873254749446 7704.083493761214 7752.1853841869715
845000 7533.6743147595525 7612.023155293008 7678.966987557794
850000 7192.634001639739 7628.932498675557 7844.3111319674135
855000 7466.058320846506 7567.4634365021775 7723.244534495855
860000 7240.112101096996 7473.636473786656 7668.158591255571
865000 7691.7286872571685 7780.088002036215 7891.538753349406
870000 7778.205867147034 7925.549807187876 8086.571157800999
875000 7584.878657545152 7711.718379190442 7827.993956117709
880000 7534.398714932937 7882.901816737479 8064.561273698376
885000 7586.324821497801 7751.11930342461 7994.897330405404
890000 7402.235093166156 7500.667755513163 7597.197164079099
895000 7770.892954058855 7805.932727416721 7843.996638756265
900000 7678.25996864164 7789.673883882635 7861.187098056998
905000 7517.057453309759 7740.2324596525405 7850.764462484968
910000 7932.314484137314 8043.740864181193 8185.208032316157
915000 7911.700037830311 8076.3409573566 8262.662148062851
920000 7757.135103274413 7911.058429888452 7988.195979143485
925000 7742.811473970651 7797.4831717612105 7847.241026443396
930000 7881.682807778354 8056.423068962991 8180.581882042003
935000 7686.188127199052 7823.7696158276685 7997.0277121547715
940000 7576.03577205032 7753.906301718099 7885.620461990669
945000 7578.948908278196 7719.286839822848 7824.879739222498
950000 7501.379204390108 7799.497987863086 7981.287544295222
955000 7641.211732796634 7859.722283839804 8089.807218959969
960000 7556.060002581204 7744.474319842302 7877.924177043799
965000 6750.8466904742345 7374.204882232325 7860.450712152467
970000 7739.077544141095 7809.814007817399 7883.172885376694
975000 2698.72584247855 6956.954621888106 8209.005574412524
980000 7712.475274690647 7870.069841872859 8041.91018515287
985000 4072.7436910271754 7197.674349729937 8191.047159088489
990000 7718.798187686932 7805.7198042966775 7926.202652183588
995000 3165.1931851486765 7017.178718300702 8027.03404998817
1000000 7736.763006877355 7864.386955669848 7957.056886241431
