5000 -121.8521501229632 -98.2346369899586 -58.22517890856094
10000 309.207525587377 332.2120320577246 362.4896036391611
15000 817.107519689024 939.3330294059253 999.4382809246307
20000 1146.420610624153 1184.840837197467 1294.4805462914674
25000 935.6508304182648 1380.1935654955341 1751.4551365885663
30000 1206.6008963963848 1728.0830789461245 1881.1833921966036
35000 1776.4438674183627 2064.1880155544013 2414.621579281772
40000 2310.983512190917 2388.2630945486367 2419.7792888856275
45000 2304.128922211727 2584.9469552133696 2805.0070542309745
50000 2705.552588773262 2808.5767606243116 2946.380295015198
55000 2995.7419693038983 3050.401975591575 3101.916570928448
60000 2873.14960069417 3007.2128270969197 3094.0774300688277
65000 3086.6602681920454 3183.2149639424483 3281.8761457457667
70000 808.1751027132201 2736.232937095035 3377.27923840754
75000 1369.4087331939756 2758.7378581674225 3292.962982576396
80000 3211.3650129914668 3290.8935860820848 3359.352887318392
85000 1122.1519786700867 2632.2215461452565 3475.7788170622116
90000 3412.4339341106815 3533.5467328988498 3686.429196404226
95000 3463.891972601422 3688.552636780355 3793.6615688788256
100000 3511.0294785696633 3814.990340928045 4021.4303138835007
105000 3690.1989340224604 3997.835202050285 4207.3113012345075
110000 4079.4748896515275 4176.322098737427 4228.573366285975
115000 4119.342535359154 4209.259697003016 4278.724015021198
120000 4011.1484253289977 4294.533214914585 4393.424797434319
125000 4669.490389381594 4795.253513671702 4947.318923466284
130000 1754.5128144297553 4355.137965237089 5098.6343102126375
135000 5030.207168723573 5286.6664576383355 5455.037177544097
140000 5359.497438180044 5619.894453706693 5871.252107124622
145000 5555.822182355372 5679.2355752576295 5766.727037424737
150000 5807.495426867555 5852.6115929418465 5888.519253908341
155000 5491.496372523687 5656.396176305389 5795.59129796541
160000 5804.242976600925 5898.958287432749 5946.768673022392
165000 6035.542591397606 6184.740479449388 6307.771259562675
170000 5989.928088291575 6122.564295652261 6226.210227871662
175000 6263.535551115432 6318.294250131779 6367.654939845198
180000 6049.728833922528 6163.741598522453 6323.993119276378
185000 6111.463553001444 6323.6492575104885 6436.71278399738
190000 6435.162187730523 6541.144880269739 6625.149746307064
195000 6336.576744534141 6504.355257641586 6644.221017498441
200000 5968.442575902038 6183.9920677264 6300.676683022274
205000 6465.032662732229 6742.703605656092 6932.945877488273
210000 6769.821094871535 6880.92697663457 6998.531327023634
215000 6445.601442130109 6558.03335029539 6651.197453196859
220000 6732.157289862822 6787.6216087779 6868.093139356712
225000 6439.205171845796 6594.440675338825 6664.856026403979
230000 5018.408125771738 6500.069054198866 7019.952978938424
235000 6673.442370564217 6745.161476129312 6909.498502812724
240000 6618.365375500931 6726.231858325846 6814.991211340257
245000 6252.312972095591 6604.530690701888 6751.391396743553
250000 6799.647925515041 7012.3131309985065 7154.131643718546
255000 1507.2751092604403 4338.614389814387 6670.776932318805
260000 6466.9219493348055 6692.831336054935 6858.520524924235
265000 6651.13216093027 6775.382043016578 6843.5726490804045
270000 6722.464605353729 6815.037397288094 6875.170780246987
275000 293.9685383652817 5653.763094417783 7220.643200468407
280000 6825.146963312512 7011.921364067351 7126.743236563014
285000 6984.156200305242 7090.429856069289 7218.917566348109
290000 6846.39302424849 6963.753486128192 7039.758808355147
295000 6471.244151394833 6640.765197200881 6788.730942338178
300000 6871.502983604232 7024.368903489725 7159.613060152032
305000 6889.54483486684 7067.75815289601 7290.871118982466
310000 6289.115970332214 6664.393521319291 6866.865663030783
315000 6869.523432262904 7010.902851878362 7111.909714937762
320000 6799.240841301087 6895.806444097116 7021.6397580597
325000 7022.051808936706 7124.619607063754 7231.748399480911
330000 7092.163454262268 7226.6613892317055 7286.967435009357
335000 6780.068958181159 6857.899414038559 6938.1560251574365
340000 6887.223695479695 6975.0139508469265 7041.596970131613
345000 6831.621487940942 7020.798070918793 7170.24012304706
350000 6716.570982409149 6950.242680430133 7117.506503281537
355000 6793.352538139826 6869.3122899621085 6964.396893158099
360000 6907.4680800313245 7063.748776837043 7118.6621869606415
365000 6791.603389668766 7034.690065752804 7150.39806956546
370000 7227.120752579494 7375.088380259945 7558.439227429448
375000 6804.123448475366 6882.913238712412 6979.729532567413
380000 6793.109609496021 6855.537641759516 6942.3327945571555
385000 6600.875473017639 6686.532304229326 6802.009003869911
390000 7045.5630175772085 7276.763663045431 7484.4475756947
395000 6582.454725339705 6745.894387029126 7081.315473603994
400000 6997.591609644281 7080.213326570241 7212.317569712866
405000 611.2539765931211 5844.6652305485795 7340.254274826605
410000 4510.768341122152 6388.3751750332585 7083.473021746035
415000 7002.968176278248 7093.973018685921 7193.215396859978
420000 6873.121164983025 7091.14033621884 7220.18922668204
425000 7383.634329760485 7441.260826496752 7490.6217534323105
430000 7177.2568163416445 7229.111406067704 7322.8961471512575
435000 7228.382214219013 7323.593571619653 7398.071582040523
440000 7166.761103607395 7295.392824818836 7464.889118527855
445000 6858.426458752866 7094.614492891966 7315.889421788126
450000 7659.139523654104 7727.522007770412 7874.105962370613
455000 7445.61340318343 7511.957769574646 7597.5095708890485
460000 6861.682577867164 6964.253517583076 7061.294818844776
465000 7034.058222525824 7136.578099953344 7259.633060024559
470000 7813.70611010133 7881.880896005663 7928.308321301463
475000 7802.450089122517 7947.735432366036 8085.1934409947535
480000 7372.105061488156 7556.9790398189 7777.661838084756
485000 7609.443387412824 7724.804994491142 7853.4151375781
490000 7639.228664526536 7746.432187615608 7845.805229658196
495000 7441.028874545766 7738.859457770064 7900.167965574296
500000 7586.499189474135 7810.305495797508 8029.96284078596
505000 7375.886043579824 7547.351499944726 7606.055547511004
510000 7529.559174376636 7628.621627453855 7697.225387120827
515000 6793.8795455529225 6965.654536433288 7123.977839192165
520000 7985.793807624535 8131.806230109278 8330.350290612641
525000 7604.093103967057 7711.8556427357635 7849.000834876567
530000 8101.0302118482105 8214.112845161153 8376.714174508686
535000 7355.116917485606 7442.616446962915 7532.512072161962
540000 7105.384384555082 7327.380962000968 7500.248881757531
545000 7640.861577188022 7743.825649248492 7904.978673224839
550000 7453.819596648723 7830.263960131184 7998.411893574544
555000 7444.731345496465 7559.185105748077 7696.860384780759
560000 7787.792414566724 7855.553227019722 7981.815658465846
565000 7090.619995762293 7150.144685915531 7237.056720282973
570000 5028.478407232511 6987.378478287302 7618.774688726573
575000 7258.580290773709 7427.092169603717 7651.635051265025
580000 6665.847425553029 7069.208735246304 7218.577705422131
585000 7344.397464962259 7600.745683940322 7782.011995761352
590000 7525.939966205016 7728.534283763976 7988.662051923209
595000 7437.359043042758 7553.82203264412 7662.625754487668
600000 7387.684171858157 7490.364966793828 7623.189976354152
605000 7057.4897939523335 7385.992844708996 7645.183780557278
610000 7537.286748809151 7559.4580362681245 7584.933030741779
615000 7084.755926438391 7281.435135478479 7415.923619421934
620000 7057.571597528836 7303.732347835835 7637.867304352089
625000 7642.28719185276 7788.238316114373 8009.203339678736
630000 7444.13674948027 7554.781067580117 7614.798428842094
635000 6751.300460877642 6935.8092331566 7069.9801342190985
640000 7101.8881891068995 7354.5824892945475 7505.523116397628
645000 7330.422878082973 7488.121093319549 7641.188395616296
650000 7714.903046136782 7782.019386869116 7846.680009382873
655000 7381.67533800401 7505.056350283824 7678.825221351851
660000 5174.842301531741 7176.942662587646 7731.564713105383
665000 7741.335337080333 7783.457679647426 7837.308167961584
670000 7465.068688669837 7560.432256818921 7733.591020604886
675000 7495.131723566071 7563.157733670862 7650.284105687709
680000 7483.650632613882 7522.071472733532 7546.59497711181
685000 7541.399590711628 7779.488154070515 7966.028540812433
690000 7611.761736775731 7848.705954460206 8017.250264490369
695000 7706.789970468422 7803.688547832341 7882.998652095188
700000 7639.870379821529 7734.311005414037 7884.501953169619
705000 6855.080546994659 6962.310145748283 7124.128978379988
710000 7299.953796419733 7428.6804026534155 7563.4699171207185
715000 7115.126425773574 7226.795359569829 7337.276373819666
720000 7426.456642926864 7526.704265576685 7616.493693672037
725000 7434.935120103423 7512.825362756409 7612.623703218968
730000 7813.13100551606 7945.88078874832 8035.575298146838
735000 3074.800420871729 6754.621666395324 7872.9644621596735
740000 7575.888184902276 7632.484766800473 7675.611226099568
745000 6997.708606634098 7151.455896681284 7333.712748976164
750000 7744.858457822592 7839.209523181411 7898.6022043325165
755000 7506.26797583421 7849.111734843966 8016.934181432442
760000 7366.352830040053 7574.440326653879 7773.010957554191
765000 6986.056720570656 7146.6910417121835 7331.79406835638
770000 7269.93151623833 7556.926576383358 7885.803913490043
775000 6783.473298065161 7001.2285934898 7207.453597174875
780000 7500.732068177717 7584.813343351518 7661.599927728087
785000 7285.646803093878 7624.073738935047 7886.69854209758
790000 7561.712540136484 7679.219431970833 7850.612504563727
795000 7452.748184016401 7633.010680114613 7816.048879009158
800000 7615.9335277507325 7748.043112528952 7869.280164262791
805000 7526.59889701351 7744.20829633498 7945.394990431203
810000 7566.034539889726 7637.721654663505 7707.042229618543
815000 7489.605190146583 7590.097155353576 7680.237353050524
820000 7235.768874072351 7445.513423594884 7636.633296610914
825000 7002.673310897316 7430.670072726646 7794.7691614555215
830000 7452.019575717262 7574.975733017825 7694.043028211435
835000 7492.323349808225 7734.77144936691 7907.879804819124
840000 7534.535211814466 7706.116311443133 7930.853760188981
845000 3582.978350405924 6916.633945766096 7987.337047143259
850000 7609.965988429622 7715.04232454632 7910.259155748294
855000 4719.046547839427 7227.05880269949 7921.229212667841
860000 7860.548949490041 7947.08368775949 8085.1688990197545
865000 7085.645911663081 7512.921772758974 7743.82788673629
870000 7587.55002710329 7856.469827367429 8112.72738135918
875000 7776.744907319489 7943.186317542721 8096.0152258393
880000 7122.093305560798 7479.8645845081555 7612.856988412834
885000 7434.500099596119 7589.7165573157345 7727.96151322066
890000 7381.426370077297 7459.776345983939 7530.294228944911
895000 -282.16033442152786 5554.824389229948 7197.677854032199
900000 -175.26672599044218 5733.896388047326 7279.668816338051
905000 6781.82312776484 7050.4118232448845 7271.674425524098
910000 7174.5922879958 7524.941135669088 7748.081378774227
915000 7303.048000383832 7487.964674108365 7688.799183266204
920000 7106.441565663441 7289.969107532577 7461.5054995969285
925000 7385.772291632925 7550.310817864764 7638.506281891737
930000 7257.784430727823 7449.47425470413 7605.429381309711
935000 7223.894371899272 7272.25611908013 7319.109203517674
940000 7275.335544966875 7454.578729400683 7589.110815611001
945000 7311.318226783983 7499.536422353236 7612.418579677301
950000 7449.202336117801 7639.090987236979 7769.94413425667
955000 -316.7353985989952 5616.015338762661 7253.847629833417
960000 7131.9321294644 7409.587637181343 7582.695130812379
965000 7361.521964241053 7453.500689501039 7617.115124618504
970000 7743.9719278321045 7831.220319112492 7953.857032203242
975000 7041.293257046276 7100.631191772208 7200.9980207847475
980000 7414.422430677793 7483.0732838480235 7521.846724988405
985000 7224.498449804487 7729.695676131128 7983.288550803485
990000 7681.4671739561845 7801.899535643977 7927.9736607414325
995000 7601.725122284056 7690.510565593718 7815.729289861809
1000000 7741.843251332565 7891.279270034696 8033.562848339011
