5000 -53.78240450213071 62.005456172868165 163.23022214341063
10000 306.44751913198127 363.674342082306 458.8129800652413
15000 321.26344318692253 495.63919062359156 680.9106526192958
20000 308.2122620954651 498.01217597174644 701.4902477825334
25000 839.4046356666927 1046.4823267712457 1169.011944529132
30000 1239.0669703623876 1351.725418568514 1395.776962749903
35000 977.1550921708 1243.217552955347 1488.3080966968107
40000 1634.4417092422707 1710.6011967313498 1821.8132007454042
45000 1424.1923922914143 1714.61066704111 1970.1898228333139
50000 2073.7085176786527 2201.624790048446 2280.3290828732693
55000 1042.3594153589747 2041.545170156228 2589.7805138140675
60000 2261.5855065161163 2404.212838983042 2458.4357819919087
65000 2439.828658561732 2611.192338393268 2769.8649409806058
70000 2095.31323000298 2449.150694231236 2694.8450838560493
75000 2789.3093693271003 2967.419393458972 3079.39578681801
80000 2940.620743998738 3142.6874188148095 3420.2529525221066
85000 3095.872836181514 3242.899525488059 3380.0310561957463
90000 3100.3153507497696 3240.3890859964317 3439.857031288873
95000 3030.7898533922826 3158.405815382638 3270.192401834541
100000 3097.5455810503727 3305.452501756695 3440.8224156295637
105000 2954.8391380526477 3472.7404413441823 3895.4629655238487
110000 3347.4025875493103 3476.0776563555 3669.035861097352
115000 3570.8622118125745 3673.9251150447444 3751.238745456191
120000 3675.21149030382 3859.113766844165 4063.3129430780423
125000 3831.75619936026 4091.1116946342963 4219.417232908865
130000 4069.0537779632896 4264.417529535524 4328.506869424083
135000 4392.79769641328 4487.136898168226 4541.4378650771
140000 4202.136213888796 4416.389421491722 4561.920602987089
145000 4286.1463158327515 4423.728940305043 4675.25659182846
150000 4460.623045886406 4591.310307585889 4724.659393574548
155000 4484.595938609406 4592.237101148389 4743.932543817535
160000 4535.068322659028 4619.755786379936 4723.749814343091
165000 4812.211412182155 5010.782468822876 5150.759018403907
170000 4951.050061258664 5196.238709566444 5337.837242165591
175000 5142.99968460615 5271.420427169038 5344.510279990294
180000 4995.2847637144205 5255.9800950333165 5464.608380251283
185000 5041.2395272872745 5272.518499089849 5424.873154758237
190000 4898.775957313459 5197.387464976631 5349.464453986023
195000 3907.9995491837108 5182.839738040974 5612.503096929266
200000 5558.913481560867 5752.655444060843 5930.201264855151
205000 5478.433148111034 5601.6071640081145 5788.333822278469
210000 5639.625910599632 5745.290598988583 5859.119189967729
215000 5736.559947954399 5813.932411983691 6027.6254557988395
220000 5579.990477953715 5827.365675288904 6115.060357520225
225000 5913.326786972302 6007.411680907939 6066.282298761291
230000 6160.479615647405 6248.090559098886 6389.509123361251
235000 6300.8531014684 6492.625348233382 6676.170067756054
240000 6705.1001997000985 6772.677346388087 6876.790173357073
245000 5933.377040994654 6070.183553375477 6202.442607009603
250000 6494.686025977393 6631.994758236923 6686.3918739157925
255000 6082.14712156343 6269.85900179224 6410.498150082744
260000 6159.758314122001 6250.464716673561 6297.607535601302
265000 6351.542480246554 6541.195202389232 6725.728201055311
270000 5857.444896240541 6070.969132335076 6266.941842402085
275000 6615.638922371368 6644.747344847138 6687.593263597703
280000 6237.587972235681 6473.780796088426 6713.504569593915
285000 -307.88930398245515 5179.481201821544 6616.392783974305
290000 6488.010505336011 6870.229215032118 7018.213963042181
295000 6399.498843293827 6792.799414436498 6992.902899364654
300000 6501.220079232013 6562.664688366759 6616.78863664607
305000 6439.318860538648 6823.37165770437 7002.37464401305
310000 6676.183182820565 6718.453833268037 6806.762222731826
315000 6416.339173708207 6530.961772991975 6620.330783816906
320000 6815.22193290702 7050.575099406592 7199.101707830221
325000 6784.890368467527 6857.628903025795 7003.609491836205
330000 7009.279608702223 7055.568406705327 7113.348567846267
335000 6960.869348383752 7132.664525703767 7341.175676613378
340000 6969.361593967065 7237.495280199486 7509.792355797798
345000 3092.7562435659393 6287.685818721617 7232.482228976482
350000 6736.759718878085 6990.025010592622 7104.718081182872
355000 7267.494369618663 7307.630319274572 7397.210680215445
360000 6956.898003091978 7270.23729905067 7424.229704310048
365000 7194.179871037113 7301.088534945984 7405.50343782159
370000 7294.7973212001925 7475.346549943375 7567.774407761901
375000 7234.651845405647 7330.42660161743 7448.807567201315
380000 7509.684829605111 7561.987453125143 7632.894124440177
385000 7230.9666794174545 7413.244350504127 7562.224439233445
390000 7152.479308595781 7300.236792878442 7369.91095220878
395000 7212.649386796924 7374.583475066994 7543.305945438745
400000 7106.415486549242 7335.453465160873 7422.39284120022
405000 7053.426510091794 7080.312379989383 7105.144557016354
410000 7242.467321965868 7394.5659994743055 7521.2003022055305
415000 6859.482494498885 6974.361566369301 7127.075778072438
420000 7045.7997854746445 7175.633225925567 7240.635533613959
425000 6970.777807596753 7097.708048208389 7245.999208326514
430000 6957.478274512346 7053.50130661552 7139.785546005788
435000 7078.140267774183 7152.764996476047 7268.131546228389
440000 6749.7140332874815 7036.317139626282 7218.223617750784
445000 6797.763825202093 6957.935240032006 7091.330788496855
450000 7372.32854444799 7434.63576281948 7502.223977020184
455000 7317.71029273705 7460.1745347034885 7577.9069249658405
460000 7116.222078478519 7222.754038608032 7346.605076784288
465000 7087.347284762751 7152.181708863788 7251.873555967274
470000 7506.518499731993 7571.114956240395 7656.561791443537
475000 7477.150563156465 7569.042406679332 7649.537819887798
480000 7572.5031017310785 7669.686684227828 7839.619279681235
485000 7673.76611940966 7712.964957549583 7768.695609598709
490000 7589.068962131886 7650.2866930012115 7700.122616410912
495000 7274.562443708937 7422.828862064262 7555.446715669498
500000 7454.983443792935 7519.0259346323455 7597.667552485339
505000 7066.770773640167 7285.782173035268 7407.936282200613
510000 7590.23791282073 7645.801365380993 7712.336713542203
515000 6796.822874023786 7083.4160605651505 7438.79068831691
520000 7182.6079626631845 7389.694945232201 7546.891988854302
525000 7189.309717057683 7296.269236344316 7408.223860615767
530000 6996.196905365379 7046.679358853915 7120.199675439284
535000 6446.993074862664 6718.04041276503 6814.951907581714
540000 7482.41480926614 7562.805953363304 7612.899395429475
545000 7380.290903582051 7444.127532860832 7502.51376265802
550000 7574.75809307794 7632.7238203412735 7724.525402714642
555000 7237.640483209212 7433.210194528186 7633.510783194873
560000 3617.0965291577436 6822.330211406106 7686.330515169174
565000 7339.914366557033 7516.185305598548 7712.252816274914
570000 526.7169792798294 6045.281929548516 7558.6037093050645
575000 7534.278838567004 7634.186015542546 7692.637809872634
580000 6560.800576110638 7375.674351365701 7644.416547185969
585000 7290.690648566036 7523.08374515732 7640.954105535063
590000 6721.457986311051 7181.827353192003 7324.38579703986
595000 7309.931445900021 7421.640609011132 7537.43400352625
600000 7258.606574224446 7500.109859837404 7610.761008072127
605000 7389.106991776331 7566.375133567793 7687.1334429375165
610000 7159.037848026544 7382.417336001183 7483.157248068069
615000 7202.0265432225315 7276.404955900252 7390.203174357926
620000 6407.584810319206 7041.715363125007 7396.0628249405445
625000 7026.2177333502395 7196.171663621925 7349.704389925427
630000 7053.92349175066 7208.028190983891 7414.754976525714
635000 7282.160894199965 7374.735843687593 7475.272156126526
640000 7090.479044267411 7387.644732114667 7570.4847928310855
645000 7060.568184573944 7266.690381589952 7424.519063410434
650000 7221.82169906233 7383.649109162613 7550.689937399631
655000 7313.482180123852 7451.649112515945 7557.76138588833
660000 7480.879774418189 7621.895132148538 7895.1477777911105
665000 7636.8984556088635 7775.228267240494 7836.468430427843
670000 7552.716704869604 7676.64171806794 7782.2360838988625
675000 6498.764069647404 6961.7458361883355 7244.469935200715
680000 7493.6608890290445 7612.957913928777 7834.08797190849
685000 7211.363704766222 7355.138772354488 7522.459604129603
690000 7708.531316659507 7790.124774674992 7843.59063207197
695000 7331.967258886385 7470.576031531482 7612.031293429205
700000 7324.158985638015 7444.430549966659 7558.1249979187
705000 7415.99385151793 7664.409487406643 7796.116926856947
710000 7322.364924883046 7453.4528829294795 7500.544090940519
715000 7175.97263776614 7401.389273963745 7517.193765494909
720000 7543.584968294598 7576.223385535448 7662.090247813418
725000 7340.98454619892 7463.62269655172 7580.159112735384
730000 7490.183702123215 7663.753445340965 7868.504239285272
735000 7443.983552584237 7563.725959826612 7767.100912369012
740000 7573.779177956635 7859.772062366066 8046.358892877131
745000 7350.986409596024 7471.243363271242 7634.493190152414
750000 7509.863101865483 7661.474614497112 7769.671582354058
755000 7753.838403308712 7911.343833707593 8064.7895717515385
760000 7766.657317243993 7860.410596247979 7974.4676258647805
765000 3178.5159162426694 6906.614045985004 7946.927306643603
770000 7318.570328947005 7526.137189211802 7743.684486587384
775000 7063.904919583127 7397.46545506739 7620.413510911541
780000 7489.033764189098 7572.146971883808 7665.113141759963
785000 7268.8331195302 7517.88039541358 7811.631184160085
790000 7144.2991440665355 7531.914203859121 7863.865808353272
795000 7730.127640526748 7850.308584334079 7932.769527177392
800000 7625.449204373953 7872.798941382751 7992.971787006675
805000 7220.935768072472 7354.485134758399 7498.836987990217
810000 7715.531596860234 7876.448742028204 8067.419002635339
815000 7901.181617545275 8051.653319230385 8173.021307085495
820000 7797.498063014589 7967.234247957103 8059.173310032406
825000 7456.479777700257 7492.7675490087 7546.3258556270885
830000 7595.213438257485 7728.2767774990425 7836.785906138871
835000 7435.87615267749 7515.657183828391 7739.475589423537
840000 7270.771283107635 7458.0022625158135 7708.850550333508
845000 475.6383260444666 1036.8562223947956 1518.0386768920425
850000 7142.356826224334 7280.608580191879 7404.7047502764435
855000 7449.784482820671 7537.228902876703 7658.4535919079935
860000 7448.1924250918255 7578.252263647175 7716.548574757123
865000 7157.111493063024 7272.847667486616 7436.659990194257
870000 7049.450250929087 7320.5240908350215 7540.418290167858
875000 7264.205965210635 7516.519935814715 7636.685481648593
880000 7712.44132790879 7832.433653470915 8010.771239559339
885000 7476.843503693089 7662.779043509766 7829.693644651885
890000 2729.891743251166 6795.909196476455 7999.599293171281
895000 6134.171834909338 7383.470068821442 7838.904231941372
900000 7174.413406448363 7297.662018840277 7394.897800731401
905000 6530.824104492074 6848.438064824157 7024.990676221714
910000 2054.817881089279 6403.965776328749 7810.545529461301
915000 5732.466852399971 7311.204831411289 7899.453165630809
920000 7528.998954806123 7555.092492780832 7607.485795963006
925000 6948.005732345452 7044.289321611634 7088.110919436374
930000 7359.858717628006 7436.897210322451 7505.5469313304875
935000 6912.319353138166 7359.856440729245 7607.324860700177
940000 7328.628905012657 7467.733336927684 7539.2050487932775
945000 7688.9582109510175 7796.61539933092 8070.132475199387
950000 7590.538195429248 7664.301845991574 7807.566062411688
955000 7208.705363392572 7671.221948441261 7925.066582211875
960000 7688.511722839916 7838.704384752784 8067.627511162959
965000 8092.037268062414 8152.122440321449 8230.569005433246
970000 8040.113492463662 8074.058310382323 8150.484911443585
975000 4568.088408967216 7220.787686976373 8010.795503797285
980000 7734.399927017124 7770.537887325484 7797.158120407549
985000 7672.731954033639 7830.929334035309 7988.58124935048
990000 7405.0528006879185 7661.16267415887 7837.727330926074
995000 5193.230751193858 6737.358770239765 7690.863939364213
1000000 7738.951459340725 7821.354644218065 7893.1463149623105
